# Fix print output for fix def1
6.99155728166401e-16 -0.00496258157804676 0.00771368699524304 -0.00589155672655479
0.0020000000000007 0.136122004167278 0.030110828537238 -0.00746362100514761
0.00400000000000071 0.264326267673892 -0.0161732865425342 -0.0084064140204906
0.00600000000000072 0.365301487841223 -0.00343895556703119 -0.0129146045944161
0.00800000000000072 0.521688280048796 0.0137590962239567 0.020799176282314
0.0100000000000007 0.653854286375057 0.0489138315794768 0.0374928561509158
0.0120000000000007 0.801183698812322 0.00966632192518721 0.0159534361378237
0.0140000000000007 0.890520575221929 -0.0140616117100328 0.0252068877453423
0.0160000000000007 1.0384593905365 0.0229606286770996 -0.00106085276056026
0.0180000000000007 1.14661443265824 -0.0388063726425434 0.0010611310009504
0.0200000000000008 1.27998250296922 0.00495966074825842 -0.0134799014265532
0.0220000000000008 1.39575773270023 -0.0224086773178551 -0.00163195911988137
0.0240000000000008 1.5278225709106 0.0334641740893082 0.00832260788533538
0.0260000000000008 1.65787233388094 0.0372483295386481 -0.0104334386094064
0.0280000000000008 1.80089149181834 0.0107270394578852 0.00582152288296642
0.0300000000000008 1.93523328288133 0.0243108870171212 -0.0514442388231266
0.0320000000000008 2.03014153593519 -0.0119279107528407 -0.0121360527509253
0.0340000000000008 2.14665357297714 -0.00668202381977703 -0.0109512510526339
0.0360000000000008 2.2953287426427 0.0203503963590253 -0.0163842988922721
0.0380000000000008 2.3663267791048 -0.0295322207631589 0.0225905111868386
0.0400000000000008 2.52301985578975 0.106507162902082 -0.00947690780413578
0.0420000000000008 2.6554063658622 0.0094461876670229 0.0713211242999964
0.0440000000000008 2.75639436479948 -0.00288751470438629 -0.0105548993366901
0.0460000000000008 2.82671611353017 -0.0614314370911369 -0.0341524156688098
0.0480000000000008 2.96683635072385 -0.0757966315756255 -0.0225674168197533
0.0500000000000008 3.11576093813476 0.00519671871546806 -0.0157381443325223
0.0520000000000008 3.24215907634215 0.0161912165700015 0.0273895331947355
0.0540000000000009 3.40543087748575 0.0787612358302821 0.039577384135324
0.0560000000000009 3.49014104258253 0.0206029982291192 0.0201683244232945
0.0580000000000009 3.55486899593171 -0.0027360481194188 -0.0577392362291303
0.0600000000000009 3.6860674033788 -0.0230736857531141 -0.0179771210180037
0.0620000000000009 3.77605580380321 -0.0254472314689561 0.00281935487469029
0.0640000000000009 3.93794592006708 0.0459495614892802 0.0335048895109652
0.0660000000000009 4.10093564500418 0.0486650527094195 0.0845404730497635
0.0680000000000009 4.15696029493048 -0.016846740672426 0.0281830305532496
0.0700000000000009 4.26250651440125 0.00728341707278159 -0.0331552108455693
0.0720000000000009 4.37681428499369 -0.0390935133499139 0.00826526357088898
0.0740000000000009 4.50340677625972 0.0380694966430861 -0.0204174393753285
0.0760000000000009 4.62062223667368 0.0184658162023427 0.0495954941401054
0.0780000000000009 4.75224800230906 0.0476254229811591 0.0719308919268387
0.0800000000000009 4.84452254074031 0.0476708226574772 0.00270424714795873
0.0820000000000009 4.93366301985928 -0.0251629905766488 -0.0262694144245241
0.0840000000000009 5.06937819306273 -0.0277650656563379 -0.0281175560822598
0.0860000000000009 5.18205008389218 -0.0285120849893553 -0.0180804098313175
0.0880000000000009 5.29831822472934 0.00402981438211147 0.0100224559491087
0.090000000000001 5.38294857961309 -0.00873668791998404 0.0226405037953341
0.092000000000001 5.51823037237213 0.0446015847908788 0.0268182206832057
0.0940000000000008 5.60635015783123 0.0519489961755216 0.0378255460033562
0.0960000000000006 5.76027656640448 0.0474085470068996 0.0177016688478404
0.0980000000000008 5.82188592505122 -0.00584630040442467 0.0288531579664367
0.100000000000001 5.94178730961317 0.016451294244913 0.0660741251355548
0.102000000000001 5.983195023738 -0.00306603414908848 -0.021466695844761
0.104000000000001 6.10581669657257 0.00212667276227193 0.0116495222936148
0.106000000000001 6.28416491862238 0.0648476523752875 0.0737667693660166
0.108000000000001 6.34917331310306 0.0370362241996943 0.0477708201871107
0.110000000000001 6.42500365878735 0.0336087212000682 -0.0513909655426403
0.112000000000001 6.53083821778226 -0.0356529554343864 -0.000431225417307326
0.114000000000001 6.71263092283501 0.0348599914457728 0.0460989579864714
0.116000000000001 6.7903865569707 0.0314176018869009 0.0338417359301452
0.118000000000001 6.87789898403723 0.039408027799302 0.0111158423712411
0.120000000000001 6.90077736363901 -0.010387170482159 -0.0113714545733149
0.122000000000001 6.95851351129792 -0.0814984436175262 -0.0702064842868411
0.124000000000001 7.08351747134652 -0.072329078714217 -0.0907451673990711
0.126000000000001 7.17277524244019 -0.0468911809052633 -0.0646701273421442
0.128000000000001 7.31183552163065 -0.0836669475811253 -0.0294122012081053
0.130000000000001 7.38637324315118 0.0223407847015301 -0.0375856095057689
0.132000000000001 7.53525183420399 0.105495217513734 0.0183059610831866
0.134000000000001 7.64060471955987 0.0244167185632844 0.0807502393439182
0.136000000000001 7.70156802189261 0.0388300806482212 -0.00475270298954827
0.138000000000001 7.7371791026489 -0.00195243103960412 0.00101860971482188
0.140000000000001 7.81398992604417 -0.0267234417934019 -0.0238209088885152
0.142000000000001 7.82671137701365 -0.0528146818764249 -0.017583662365894
0.144000000000001 7.89956771607807 0.0281859496892265 -0.0160367128103114
0.146000000000001 7.99448793593545 0.0146575630442086 -0.00105194032775699
0.148000000000001 8.01299248799439 0.0235581884202017 0.0226141432710847
0.150000000000001 7.99471482479785 -0.024589277066883 -0.0173387254007734
0.152000000000001 7.93737281614842 -0.00519262199035801 -0.0444335021635517
0.154000000000001 7.43143216162866 -0.0291262636540664 -0.0142098985356144
0.156000000000001 6.55103115395119 -0.0057160801479487 0.0452452618298294
0.158000000000001 4.96079528054264 0.154388255352411 -0.0751849207950583
0.160000000000001 3.78537536414882 -0.00226599212086266 0.0301750802086962
0.162000000000001 3.34055297252077 -0.0713427944372904 0.00242104482040024
0.164000000000001 3.37631410755014 -0.105605870303228 0.0283603919568332
0.166000000000001 3.15804535253134 0.0124484352274618 -0.13885594760114
0.168000000000001 2.92034291502582 -0.053468228457414 0.019051352765428
0.170000000000001 2.551000651769 -0.00526642050419538 0.0366603686919383
0.172000000000001 2.29078215595195 0.0795261097736256 -0.022266630959068
0.174000000000001 2.13368401254551 -0.0400465126910668 0.0497371855347087
0.176000000000001 1.87601809190986 -0.0387487180961215 0.049589890795543
0.178000000000001 1.83772413824026 0.0687729582336102 -0.0427552848433589
0.180000000000001 1.79735503123198 -0.0153818945125275 0.0853641918455407
0.182000000000001 1.83015106856331 0.0423035530350893 -0.0703654072259638
0.184000000000001 1.76149654896237 -0.039168638112415 0.0369372582178832
0.186000000000001 1.70870605563226 0.0712506784053847 0.0181650849575019
0.188000000000001 1.77269436926638 0.107461709258186 0.0201636538780224
0.190000000000001 1.55127812394985 -0.054683444874619 0.061409957550276
0.192000000000001 1.44987569701005 -0.106290896675112 -0.0780682360145865
0.194000000000001 1.40768509509518 -0.0471831924035612 -0.0350921905740215
0.196000000000001 1.31431185528956 0.0310069225832333 0.00381172539884986
0.198000000000001 1.24494692135199 0.0330282722922137 0.0655179622630568
0.200000000000001 1.34192368555865 0.0868510971221709 0.0571112972099651
