# Fix print output for fix def1
-6.99155728166401e-16 -0.00496258157804676 0.00771368699524304 -0.00589155672655479
0.00199999999999931 -0.0940047714101823 0.0628455980140381 0.0247186984580076
0.00399999999999931 -0.224880778692656 0.0120091878237647 0.0188921995046881
0.00599999999999932 -0.397599421573689 -0.00112674028121058 -0.00883099006055027
0.00799999999999932 -0.52380827538653 -0.0133442124500789 -0.0119777034459569
0.00999999999999933 -0.645918084011144 0.0279558229672924 0.00863224470216948
0.0119999999999993 -0.744388254468574 -0.00273953617832118 0.00650265184845307
0.0139999999999993 -0.872729935875664 -0.00301416365498661 0.0107426910950018
0.0159999999999993 -0.986139839162082 -0.0196761027976245 0.0196126971651926
0.0179999999999993 -1.10996125647832 -0.0279051267377071 0.00155508517624163
0.0199999999999994 -1.25043694350299 -0.00265736017991692 -0.0268213025946671
0.0219999999999994 -1.34326738370869 -0.0142048979120268 0.0373528033188719
0.0239999999999994 -1.4623016450847 0.0529218168861871 0.0185516192299766
0.0259999999999994 -1.57630131125986 -0.00277298396896069 0.0577553272942483
0.0279999999999994 -1.71188651587374 0.0283141510191855 -0.0132776549277506
0.0299999999999994 -1.86734961427205 -0.015025259727951 -0.0036789070675945
0.0319999999999994 -1.97806169540993 -0.0101289162229076 -0.0530104477164272
0.0339999999999994 -2.09000972965444 -0.0242534159531412 -0.0101455262759479
0.0359999999999994 -2.19698387258471 -0.000361228487243258 0.0316347816654378
0.0379999999999994 -2.3012287802035 0.0496073401895258 0.0157653532741265
0.0399999999999994 -2.44414890196318 0.0107784926645199 0.0353702889769331
0.0419999999999994 -2.57994072074493 -0.0296880724609948 -0.00173836530044291
0.0439999999999994 -2.73441758611415 -0.0223285409781798 -0.0264654511028978
0.0459999999999994 -2.83442875191396 -0.0248739943604445 -0.0157067701008987
0.0479999999999994 -2.95188883193408 0.0162213642667895 -0.0478034671207372
0.0499999999999994 -3.0455417993867 0.0127214229143134 0.0233735962049724
0.0519999999999994 -3.18668702078317 0.034896620515299 0.0093746565298726
0.0539999999999995 -3.30715823631294 0.00315876586678138 0.0378028699863698
0.0559999999999995 -3.45885957032107 0.00387766740352512 -0.000405701370079819
0.0579999999999995 -3.55575278332071 0.0181346770195045 -5.00734504969244e-05
0.0599999999999995 -3.71801473695277 0.0158441983068189 0.00769325617728583
0.0619999999999995 -3.91233860488918 -0.0461527654910865 -0.0287006173041853
0.0639999999999995 -4.0060616746908 -0.0255638974915223 0.00799984414656182
0.0659999999999995 -4.09832796320748 0.0799002234864832 0.0321091543899302
0.0679999999999995 -4.26037381936543 0.0157706428298708 0.0789054032437397
0.0699999999999995 -4.4037074806329 0.050450335138727 0.0279244027020113
0.0719999999999995 -4.58312597592617 -0.0419276241232925 -0.00580220117119558
0.0739999999999995 -4.69581098921556 -0.0142318291064999 -0.0570248496521255
0.0759999999999995 -4.81482794064657 -0.0309852762193734 0.0116393024593729
0.0779999999999995 -4.95151719598039 0.0408942479401142 0.0207291804889032
0.0799999999999995 -5.08662354665111 -0.0274976456145351 0.0232403925661932
0.0819999999999995 -5.15701290034212 0.0589589140836881 -0.0181996670593852
0.0839999999999995 -5.34770079105303 -0.0177223387602909 0.0394675279012207
0.0859999999999995 -5.48385953930681 -0.0275348515242267 -0.0539373975918029
0.0879999999999996 -5.54762778537527 -0.021744986636321 0.0295925306334513
0.0899999999999996 -5.64523915678617 0.036379634284483 -0.0493595359946302
0.0919999999999996 -5.72273430999747 -0.030241464216458 0.00531020056528982
0.0939999999999994 -5.8218092626465 -0.0197562019792902 -0.0746597152185636
0.0959999999999992 -5.91948735377202 -0.0190898935995163 0.0267711635289732
0.0979999999999994 -5.82374037530809 0.0585782855841812 0.0332426377918502
0.0999999999999992 -5.89773829224236 0.0121727733820281 0.0568861936415603
0.101999999999999 -6.01935473438294 0.0168864199175316 0.0414467698667722
0.103999999999999 -6.02629770979745 -0.0307698045430614 -0.0481112094096858
0.105999999999999 -5.9313844344918 -0.00717384816223822 0.0211099109938631
0.107999999999999 -5.62447083809103 0.03123468725048 0.0767918354653938
0.109999999999999 -4.95127461842223 -0.0616517239573546 -0.064723790807394
0.111999999999999 -3.46499183103574 0.00866066691504552 0.0221903864746445
0.113999999999999 -2.04447472591739 -0.0758866917425343 -0.037978604190052
0.115999999999999 -0.814945680936685 0.0461212007963343 0.0323521900743992
0.117999999999999 -0.256441214569391 0.0388839285851465 -0.0363169264760002
0.119999999999999 -0.554196674529623 -0.0877335670227322 -0.165579727226021
0.121999999999999 -0.295560644395882 -0.0333663370950681 0.0418078809536838
0.123999999999999 -0.339197876871388 0.00696047617739218 0.00282283844136168
0.125999999999999 -0.428438461302241 -0.0154303826281497 -0.020769304711627
0.127999999999999 -0.612406134304866 0.00580076561881603 0.00261513835661441
0.129999999999999 -0.978063145164976 0.0203083073574501 -0.0374815113312079
0.131999999999999 -1.23603597076522 -0.048164418529247 0.0372316555070716
0.133999999999999 -1.23139786329585 0.0381387561164945 -0.0851908567449952
0.135999999999999 -1.17834201721174 -0.123625610559799 -0.0141842131349274
0.137999999999999 -1.0837423131077 -0.0217925883454559 -0.111030454163435
0.139999999999999 -1.09660169012683 -0.0552099105314667 0.00480306093729027
0.141999999999999 -1.21962685986228 -0.0549201572612414 0.0153146508549428
0.143999999999999 -0.993972453140225 0.0749625366133661 0.0869974918089488
0.145999999999999 -0.865039317655616 0.078055386150354 0.0612429410891958
0.147999999999999 -0.887815680377644 0.0679702130575233 -0.0364076620803786
0.149999999999999 -1.03010869809668 -0.0210365988964751 0.0283268132110116
0.151999999999999 -1.17001102826601 -0.0173522235926368 -0.00229604228817437
0.153999999999999 -1.28309118954886 0.102908001435238 0.0195835759627031
0.155999999999999 -1.41439775900718 -0.0428418903917401 0.0541749296988114
0.157999999999999 -1.35577090338498 0.0259540267469328 -0.0571305052035053
0.159999999999999 -1.56791187725805 -0.0445407739659515 -0.0187877746604683
0.161999999999999 -1.64601503170796 -0.0452276777558285 -0.0768461901625563
0.163999999999999 -1.71398267428 0.00227060445607089 -0.055043845663503
0.165999999999999 -1.63814376845188 -0.0733276480652954 -0.0311024174336885
0.167999999999999 -1.49567594413892 0.0531440092738346 -0.105511157132402
0.169999999999999 -1.27392242194411 0.012011207765505 -0.00656804841533913
0.171999999999999 -1.15723932208235 0.000917115182646733 0.0132791863992219
0.173999999999999 -1.2516003113165 -0.00166044231856881 -0.0332320567868107
0.175999999999999 -1.32262254040797 0.00529188647062712 -0.0438022436618219
0.177999999999999 -1.44111576724207 -0.0361357322011456 -0.0545377426639035
0.179999999999999 -1.35833395190985 0.0731794015112781 0.0284300472840778
0.181999999999999 -1.33761253769779 -0.0490474161671648 0.00327478837128411
0.183999999999999 -1.27587079154647 -0.00123204642399675 -0.0935461964734791
0.185999999999999 -1.24042830641837 -0.0462164715417126 -0.0603070519311039
0.187999999999999 -1.00729384889088 -0.0071413081009853 0.010406335276005
0.189999999999999 -0.813518076703736 0.069313002550051 0.00804029581701775
0.191999999999999 -0.785922080954976 0.0269923112542536 0.0646758877357618
0.194 -0.878405337493812 0.0208310145481634 -0.0927672401774659
0.196 -0.801190988162805 0.00708666727380644 0.00896097911790206
0.198 -0.839761482633139 -0.0121220141445751 0.0485158031116848
0.2 -0.868634123374106 0.0436076139111645 -0.0197774863378314
